35,10
0,530
0,529
0,528
0,527
0,526
30,2
0,525
29,4
35,9
35,8
0,524
0,243
0,388
0,523
0,522
0,521
0,520
0,519
0,518
33,31
0,517
33,30
33,29
0,516
0,515
0,474
39,35
35,7
35,6
35,5
35,4
35,3
35,2
35,1
35,0
34,5
34,4
34,3
34,2
34,1
34,0
33,28
33,27
33,26
33,25
33,24
33,23
33,22
33,21
10,94
33,20
33,19
33,18
33,17
33,16
33,15
33,14
33,13
33,12
33,11
33,10
33,9
33,8
33,7
33,6
33,5
33,4
33,3
33,2
10,265
10,179
10,132
10,246
10,297
11,30
33,1
33,0
11,23
11,10
11,8
11,4
11,9
32,4
32,3
32,2
32,1
32,0
31,8
9,5
8,10
8,16
8,14
8,12
0,318
12,2
31,7
31,6
31,5
31,4
31,3
31,2
31,1
31,0
30,5
30,4
30,3
30,1
29,3
29,1
28,5
28,4
28,3
28,1
27,3
27,1
26,4
26,3
26,1
25,5
25,4
25,3
25,1
24,4
